1 0.2175974210676021 0.6206030150753769 0.2958187162226225 0.6206030150753769 0.2958187162226225 0.7160804020100502 0.2175974210676021 0.7160804020100502
0 0.6385702095382575 0.017587939698492462 0.7096804778610032 0.017587939698492462 0.7096804778610032 0.21608040201005027 0.6385702095382575 0.21608040201005027
1 0.31430738598653646 0.07537688442211055 0.3598179577130938 0.07537688442211055 0.3598179577130938 0.1507537688442211 0.31430738598653646 0.1507537688442211
1 0.3882620650421921 0.135678391959799 0.440883663601024 0.135678391959799 0.440883663601024 0.2185929648241206 0.3882620650421921 0.2185929648241206
1 0.5959040485446099 0.13316582914572864 0.6357257988053475 0.13316582914572864 0.6357257988053475 0.20100502512562812 0.5959040485446099 0.20100502512562812
1 0.6527922632028065 0.3542713567839196 0.6997250402958187 0.3542713567839196 0.6997250402958187 0.4371859296482412 0.6527922632028065 0.4371859296482412
1 0.6286147719730729 0.5251256281407035 0.678391959798995 0.5251256281407035 0.678391959798995 0.592964824120603 0.6286147719730729 0.592964824120603
1 0.541860244619323 0.8115577889447236 0.5973262539110648 0.8115577889447236 0.5973262539110648 0.914572864321608 0.541860244619323 0.914572864321608
1 0.6143927183085237 0.8165829145728644 0.6755475490660853 0.8165829145728644 0.6755475490660853 0.9246231155778895 0.6143927183085237 0.9246231155778895
1 0.6030150753768845 0.44472361809045224 0.6442590310040769 0.44472361809045224 0.6442590310040769 0.5201005025125628 0.6030150753768845 0.5201005025125628
1 0.8604342467052243 0.7462311557788943 0.9585664169906134 0.7462311557788943 0.9585664169906134 0.8165829145728644 0.8604342467052243 0.8165829145728644
