1 0.28517110266159695 0.16345585128855092 0.3320659062103929 0.16345585128855092 0.3320659062103929 0.2507815800591466 0.28517110266159695 0.2507815800591466
0 0.6501901140684408 0.25525982256020274 0.7401774397972115 0.25525982256020274 0.7401774397972115 0.48365019011406846 0.6501901140684408 0.48365019011406846
1 0.6108998732572877 0.47693282636248413 0.6552598225602027 0.47693282636248413 0.6552598225602027 0.546345585128855 0.6108998732572877 0.546345585128855
1 0.6425855513307985 0.03582594000844951 0.6869455006337135 0.03582594000844951 0.6869455006337135 0.10971694127587663 0.6425855513307985 0.10971694127587663
1 0.6286438529784537 0.6986058301647655 0.6869455006337135 0.6986058301647655 0.6869455006337135 0.8128010139416981 0.6286438529784537 0.8128010139416981
1 0.6096324461343473 0.8575834389522602 0.6641318124207858 0.8575834389522602 0.6641318124207858 0.9449091677228558 0.6096324461343473 0.9449091677228558
1 0.7287705956907478 0.8665399239543725 0.7756653992395436 0.8665399239543725 0.7756653992395436 0.9605830164765525 0.7287705956907478 0.9605830164765525
1 0.025348542458808614 0.4455851288550907 0.11660329531051966 0.4455851288550907 0.11660329531051966 0.5015631601182932 0.025348542458808614 0.5015631601182932
1 0.8694550063371353 0.7187579214195183 0.9721166032953104 0.7187579214195183 0.9721166032953104 0.7881706801858892 0.8694550063371353 0.7881706801858892
1 0.5893536121673004 0.0 0.6032953105196451 0.0 0.6032953105196451 0.04478242501056189 0.5893536121673004 0.04478242501056189
