1 0.320659062103929 0.22839036755386563 0.36375158428390375 0.22839036755386563 0.36375158428390375 0.308998732572877 0.320659062103929 0.308998732572877
1 0.3865652724968314 0.37393324883819173 0.43726235741444863 0.37393324883819173 0.43726235741444863 0.4523024926066751 0.3865652724968314 0.4523024926066751
1 0.21419518377693283 0.8351922264469792 0.26869455006337134 0.8351922264469792 0.26869455006337134 0.9449091677228558 0.21419518377693283 0.9449091677228558
1 0.6527249683143219 0.19256442754541608 0.7021546261089988 0.19256442754541608 0.7021546261089988 0.2754119138149556 0.6527249683143219 0.2754119138149556
1 0.6197718631178707 0.29108576256865226 0.6565272496831432 0.29108576256865226 0.6565272496831432 0.3582594000844951 0.6197718631178707 0.3582594000844951
1 0.5994930291508238 0.3560202788339671 0.6451204055766794 0.3560202788339671 0.6451204055766794 0.4209547950992818 0.5994930291508238 0.4209547950992818
1 0.5348542458808618 0.5508238276299112 0.5868187579214195 0.5508238276299112 0.5868187579214195 0.6359104351499788 0.5348542458808618 0.6359104351499788
1 0.6159695817490495 0.6112801013941698 0.6577946768060836 0.6112801013941698 0.6577946768060836 0.6941275876637093 0.6159695817490495 0.6941275876637093
1 0.7072243346007605 0.7993662864385297 0.7579214195183778 0.7993662864385297 0.7579214195183778 0.8822137727080693 0.7072243346007605 0.8822137727080693
1 0.2902408111533587 0.0022391212505280945 0.34474017743979724 0.0022391212505280945 0.34474017743979724 0.06269539501478666 0.2902408111533587 0.06269539501478666
0 0.6375158428390366 0.0 0.6958174904942963 0.0 0.6958174904942963 0.09852133502323616 0.6375158428390366 0.09852133502323616
