1 0.28241335044929394 0.4218228498074454 0.33247753530166885 0.4218228498074454 0.33247753530166885 0.5148053059477964 0.28241335044929394 0.5148053059477964
1 0.37612323491655963 0.5102695763799744 0.42233632862644405 0.5102695763799744 0.42233632862644405 0.6191270860077022 0.37612323491655963 0.6191270860077022
1 0.38254172015404364 0.3175010697475396 0.4287548138639281 0.3175010697475396 0.4287548138639281 0.43543003851091144 0.38254172015404364 0.43543003851091144
1 0.3902439024390244 0.10432178005990586 0.42875481386392816 0.10432178005990586 0.42875481386392816 0.21998288403936675 0.3902439024390244 0.21998288403936675
1 0.6328626444159179 0.7642704321780062 0.6842105263157894 0.7642704321780062 0.6842105263157894 0.852717158750535 0.6328626444159179 0.852717158750535
1 0.6187419768934531 0.5148053059477964 0.6713735558408216 0.5148053059477964 0.6713735558408216 0.5873769790329483 0.6187419768934531 0.5873769790329483
1 0.5956354300385109 0.3175010697475396 0.6482670089858792 0.3175010697475396 0.6482670089858792 0.4104835258878905 0.5956354300385109 0.4104835258878905
1 0.527599486521181 0.18596491228070175 0.5725288831835686 0.18596491228070175 0.5725288831835686 0.25400085579803167 0.527599486521181 0.25400085579803167
1 0.5956354300385109 0.17916131792896878 0.637997432605905 0.17916131792896878 0.637997432605905 0.22905434317501072 0.5956354300385109 0.22905434317501072
1 0.5892169448010269 0.03401797175866496 0.6290115532734275 0.03401797175866496 0.6290115532734275 0.12019683354728285 0.5892169448010269 0.12019683354728285
1 0.6482670089858794 0.029482242190842962 0.6919127086007704 0.029482242190842962 0.6919127086007704 0.10658964484381686 0.6482670089858794 0.10658964484381686
