1 0.21419518377693283 0.8508660752006759 0.26362484157160965 0.8508660752006759 0.26362484157160965 0.9516265314744401 0.21419518377693283 0.9516265314744401
1 0.37896070975918883 0.5821715251373045 0.42839036755386567 0.5821715251373045 0.42839036755386567 0.665019011406844 0.37896070975918883 0.665019011406844
1 0.39543726235741444 0.004478242501056189 0.43092522179974646 0.004478242501056189 0.43092522179974646 0.07613012251795521 0.39543726235741444 0.07613012251795521
2 0.5272496831432193 0.01567384875369666 0.5830164765525984 0.01567384875369666 0.5830164765525984 0.1612167300380228 0.5272496831432193 0.1612167300380228
1 0.5564005069708492 0.8822137727080691 0.6045627376425854 0.8822137727080691 0.6045627376425854 0.9717786227291929 0.5564005069708492 0.9717786227291929
1 0.6197718631178707 0.7456273764258554 0.6641318124207857 0.7456273764258554 0.6641318124207857 0.8374313476975074 0.6197718631178707 0.8374313476975074
1 0.5449936628643853 0.544106463878327 0.5918884664131814 0.544106463878327 0.5918884664131814 0.6247148288973384 0.5449936628643853 0.6247148288973384
1 0.6147021546261089 0.5956062526404732 0.6641318124207857 0.5956062526404732 0.6641318124207857 0.6784537389100126 0.6147021546261089 0.6784537389100126
1 0.6806083650190116 0.44110688635403456 0.7237008871989861 0.44110688635403456 0.7237008871989861 0.5261934938741021 0.6806083650190116 0.5261934938741021
1 0.6273764258555133 0.32467258132657373 0.6704689480354878 0.32467258132657373 0.6704689480354878 0.3985635825940008 0.6273764258555133 0.3985635825940008
1 0.5348542458808618 0.22615124630333758 0.5716096324461344 0.22615124630333758 0.5716096324461344 0.30004224757076464 0.5348542458808618 0.30004224757076464
1 0.5918884664131813 0.10971694127587663 0.6286438529784537 0.10971694127587663 0.6286438529784537 0.17912970004224757 0.5918884664131813 0.17912970004224757
1 0.5893536121673004 0.004478242501056189 0.6147021546261089 0.004478242501056189 0.6147021546261089 0.07389100126742713 0.5893536121673004 0.07389100126742713
