1 0.30925221799746516 0.5508238276299112 0.35994930291508237 0.5508238276299112 0.35994930291508237 0.640388677651035 0.30925221799746516 0.640388677651035
1 0.302915082382763 0.2507815800591466 0.3523447401774398 0.2507815800591466 0.3523447401774398 0.33362906632868605 0.302915082382763 0.33362906632868605
1 0.39036755386565275 0.07389100126742712 0.43219264892268694 0.07389100126742712 0.43219264892268694 0.14554288128432613 0.39036755386565275 0.14554288128432613
1 0.37515842839036756 0.806083650190114 0.43219264892268694 0.806083650190114 0.43219264892268694 0.8956485002112377 0.37515842839036756 0.8956485002112377
1 0.6020278833967047 0.331389945078158 0.6489226869455006 0.331389945078158 0.6489226869455006 0.3940853400929446 0.6020278833967047 0.3940853400929446
1 0.5247148288973384 0.2082382762991128 0.5766793409378962 0.2082382762991128 0.5766793409378962 0.30228136882129275 0.5247148288973384 0.30228136882129275
1 0.5868187579214195 0.11419518377693282 0.6299112801013942 0.11419518377693282 0.6299112801013942 0.17912970004224757 0.5868187579214195 0.17912970004224757
1 0.6476552598225601 0.008956485002112378 0.7008871989860582 0.008956485002112378 0.7008871989860582 0.07836924376848331 0.6476552598225601 0.07836924376848331
1 0.6375158428390366 0.09404309252217996 0.6818757921419517 0.09404309252217996 0.6818757921419517 0.15673848753696662 0.6375158428390366 0.15673848753696662
2 0.5373891001267427 0.5799324038867765 0.6096324461343473 0.5799324038867765 0.6096324461343473 0.7545838614279679 0.5373891001267427 0.7545838614279679
1 0.6349809885931559 0.5038022813688212 0.688212927756654 0.5038022813688212 0.688212927756654 0.5776932826362484 0.6349809885931559 0.5776932826362484
1 0.6134347275031685 0.6135192226446978 0.6590621039290241 0.6135192226446978 0.6590621039290241 0.7053231939163498 0.6134347275031685 0.7053231939163498
1 0.6185044359949303 0.8531051964512041 0.6755386565272498 0.8531051964512041 0.6755386565272498 0.9583438952260246 0.6185044359949303 0.9583438952260246
1 0.5475285171102662 0.9269961977186312 0.605830164765526 0.9269961977186312 0.605830164765526 1.0 0.5475285171102662 1.0
