1 0.2343268242548818 0.7696300102774923 0.2713257965056526 0.7696300102774923 0.2713257965056526 0.8585988352175403 0.2343268242548818 0.8585988352175403
1 0.3843782117163414 0.49546077423775325 0.42276812277353193 0.49546077423775325 0.42276812277353193 0.5705457116583855 0.3843782117163414 0.5705457116583855
1 0.5457348406988694 0.6407159986296677 0.5889003083247687 0.6407159986296677 0.5889003083247687 0.7296848235697156 0.5457348406988694 0.7296848235697156
1 0.6217882836587869 0.6824768756423437 0.6659815005138744 0.6824768756423437 0.6659815005138744 0.771445700582391 0.6217882836587869 0.771445700582391
1 0.6289825282631037 0.862230215827338 0.6772867420349433 0.862230215827338 0.6772867420349433 0.9421205892428913 0.6289825282631037 0.9421205892428913
1 0.6927029804727644 0.5317745803357314 0.7348406988694757 0.5317745803357314 0.7348406988694757 0.5916923603973961 0.6927029804727644 0.5916923603973961
1 0.6279547790339156 0.39015073655361426 0.660842754367934 0.39015073655361426 0.660842754367934 0.46096265844467293 0.6279547790339156 0.46096265844467293
2 0.5303186022610482 0.09237752655018844 0.5837615621788282 0.09237752655018844 0.5837615621788282 0.2376327509421035 0.5303186022610482 0.2376327509421035
1 0.5354573484069886 0.32297019527235366 0.5806783144912642 0.32297019527235366 0.5806783144912642 0.3810722850291196 0.5354573484069886 0.3810722850291196
1 0.5909558067831449 0.06877355258650225 0.6207605344295991 0.06877355258650225 0.6207605344295991 0.13595409386776294 0.5909558067831449 0.13595409386776294
1 0.6012332990750257 0.17408359027064066 0.6351490236382321 0.17408359027064066 0.6351490236382321 0.23400137033230559 0.6012332990750257 0.23400137033230559
1 0.9044193216855086 0.7333162041795134 0.9794450154162384 0.7333162041795134 0.9794450154162384 0.8277321000342582 0.9044193216855086 0.8277321000342582
1 0.8499486125385404 0.5699040767386091 0.9270298047276462 0.5699040767386091 0.9270298047276462 0.6407159986296677 0.8499486125385404 0.6407159986296677
