1 0.24207858048162226 0.544106463878327 0.2864385297845373 0.544106463878327 0.2864385297845373 0.6403886776510351 0.24207858048162226 0.6403886776510351
1 0.30671736375158426 0.03582594000844951 0.349809885931559 0.03582594000844951 0.349809885931559 0.10299957752429233 0.30671736375158426 0.10299957752429233
1 0.39543726235741444 0.07613012251795521 0.43599493029150826 0.07613012251795521 0.43599493029150826 0.15002112378538232 0.39543726235741444 0.15002112378538232
1 0.6032953105196451 0.5082805238698774 0.6438529784537389 0.5082805238698774 0.6438529784537389 0.5821715251373045 0.6032953105196451 0.5821715251373045
1 0.6527249683143219 0.5821715251373045 0.7021546261089988 0.5821715251373045 0.7021546261089988 0.6538234051542035 0.6527249683143219 0.6538234051542035
1 0.5361216730038023 0.8866920152091253 0.6020278833967047 0.8866920152091253 0.6020278833967047 0.9896915927334178 0.5361216730038023 0.9896915927334178
1 0.6286438529784537 0.9113223489649346 0.6692015209125475 0.9113223489649346 0.6692015209125475 0.9762568652302493 0.6286438529784537 0.9762568652302493
0 0.6425855513307985 0.04926066751161808 0.7135614702154626 0.04926066751161808 0.7135614702154626 0.2507815800591466 0.6425855513307985 0.2507815800591466
1 0.6514575411913816 0.39408534009294466 0.6983523447401775 0.39408534009294466 0.6983523447401775 0.4903675538656527 0.6514575411913816 0.4903675538656527
1 0.596958174904943 0.19032530629488803 0.6337135614702155 0.19032530629488803 0.6337135614702155 0.25525982256020274 0.596958174904943 0.25525982256020274
