1 0.3119383825417201 0.45584082156611044 0.3594351732991014 0.45584082156611044 0.3594351732991014 0.5556268720581943 0.3119383825417201 0.5556268720581943
1 0.30295250320924255 0.17916131792896878 0.349165596919127 0.17916131792896878 0.349165596919127 0.26307231493367567 0.30295250320924255 0.26307231493367567
1 0.3889602053915276 0.02267864783910997 0.4274711168164313 0.02267864783910997 0.4274711168164313 0.09525032092426186 0.3889602053915276 0.09525032092426186
1 0.37869062901155326 0.6712879760376551 0.4326059050064185 0.6712879760376551 0.4326059050064185 0.777877620881472 0.37869062901155326 0.777877620881472
2 0.5468549422336328 0.673555840821566 0.6084724005134788 0.673555840821566 0.6084724005134788 0.8844672657252889 0.5468549422336328 0.8844672657252889
1 0.5314505776636713 0.3038938810440736 0.5789473684210528 0.3038938810440736 0.5789473684210528 0.3741976893453145 0.5314505776636713 0.3741976893453145
1 0.5930680359435173 0.17689345314505778 0.6341463414634146 0.17689345314505778 0.6341463414634146 0.2471972614462987 0.5930680359435173 0.2471972614462987
1 0.6071887034659821 0.4059477963200685 0.6585365853658537 0.4059477963200685 0.6585365853658537 0.47398373983739833 0.6071887034659821 0.47398373983739833
1 0.6213093709884466 0.6962344886606762 0.6585365853658536 0.6962344886606762 0.6585365853658536 0.7824133504492939 0.6213093709884466 0.7824133504492939
1 0.664955070603337 0.589644843816859 0.7124518613607187 0.589644843816859 0.7124518613607187 0.650877192982456 0.664955070603337 0.650877192982456
1 0.6495507060333761 0.04535729567821987 0.6970474967907573 0.04535729567821987 0.6970474967907573 0.13153615746683783 0.6495507060333761 0.13153615746683783
1 0.6392811296534019 0.1542148053059479 0.6803594351732996 0.1542148053059479 0.6803594351732996 0.21771501925545605 0.6392811296534019 0.21771501925545605
