1 0.26362484157160965 0.5553020701309674 0.30798479087452474 0.5553020701309674 0.30798479087452474 0.6538234051542037 0.26362484157160965 0.6538234051542037
1 0.37896070975918883 0.3179552175749894 0.4296577946768061 0.3179552175749894 0.4296577946768061 0.40304182509505704 0.37896070975918883 0.40304182509505704
1 0.6147021546261089 0.5664976763836079 0.6653992395437262 0.5664976763836079 0.6653992395437262 0.6515842839036754 0.6147021546261089 0.6515842839036754
1 0.6945500633713562 0.6986058301647655 0.7439797211660331 0.6986058301647655 0.7439797211660331 0.7859315589353612 0.6945500633713562 0.7859315589353612
1 0.6311787072243347 0.9135614702154625 0.6793409378960711 0.9135614702154625 0.6793409378960711 0.9919307139839458 0.6311787072243347 0.9919307139839458
1 0.5551330798479087 0.900126742712294 0.6007604562737643 0.900126742712294 0.6007604562737643 0.9919307139839458 0.5551330798479087 0.9919307139839458
1 0.5424588086185045 0.5284326151246302 0.5893536121673004 0.5284326151246302 0.5893536121673004 0.6023236163920574 0.5424588086185045 0.6023236163920574
2 0.5297845373891001 0.26197718631178707 0.5956907477820025 0.26197718631178707 0.5956907477820025 0.4343895226024503 0.5297845373891001 0.4343895226024503
1 0.5830164765525983 0.07836924376848331 0.6299112801013942 0.07836924376848331 0.6299112801013942 0.15673848753696662 0.5830164765525983 0.15673848753696662
1 0.5918884664131813 0.23286861005492182 0.6400506970849176 0.23286861005492182 0.6400506970849176 0.30228136882129275 0.5918884664131813 0.30228136882129275
1 0.605830164765526 0.33362906632868605 0.6514575411913816 0.33362906632868605 0.6514575411913816 0.4119983100971693 0.605830164765526 0.4119983100971693
