1 0.24461343472750313 0.5261934938741022 0.2902408111533587 0.5261934938741022 0.2902408111533587 0.6023236163920574 0.24461343472750313 0.6023236163920574
1 0.39416983523447396 0.04030418250950571 0.43599493029150826 0.04030418250950571 0.43599493029150826 0.1231516687790452 0.39416983523447396 0.1231516687790452
1 0.30164765525982257 0.022391212505280946 0.34474017743979724 0.022391212505280946 0.34474017743979724 0.09404309252217995 0.30164765525982257 0.09404309252217995
0 0.6438529784537389 0.06269539501478665 0.7160963244613436 0.06269539501478665 0.7160963244613436 0.2776510350654837 0.6438529784537389 0.2776510350654837
1 0.5956907477820025 0.21271651880016898 0.6375158428390368 0.21271651880016898 0.6375158428390368 0.27989015631601183 0.5956907477820025 0.27989015631601183
1 0.6476552598225601 0.42095479509928174 0.7021546261089987 0.42095479509928174 0.7021546261089987 0.5194761301225179 0.6476552598225601 0.5194761301225179
1 0.6007604562737643 0.5284326151246302 0.6463878326996197 0.5284326151246302 0.6463878326996197 0.6157583438952261 0.6007604562737643 0.6157583438952261
1 0.6603295310519643 0.5978453738910012 0.7160963244613435 0.5978453738910012 0.7160963244613435 0.6851711026615969 0.6603295310519643 0.6851711026615969
1 0.6286438529784537 0.9471482889733839 0.6704689480354881 0.9471482889733839 0.6704689480354881 0.9999999999999999 0.6286438529784537 0.9999999999999999
1 0.8567807351077313 0.5530629488804393 0.9391634980988594 0.5530629488804393 0.9391634980988594 0.6202365863962822 0.8567807351077313 0.6202365863962822
