2 0.5292908530318602 0.21402877697841724 0.5909558067831447 0.21402877697841724 0.5909558067831447 0.37744090441932165 0.5292908530318602 0.37744090441932165
1 0.25385405960945523 0.6116649537512847 0.2970195272353545 0.6116649537512847 0.2970195272353545 0.713343610825625 0.25385405960945523 0.713343610825625
1 0.3874614594039053 0.37562521411442273 0.42034943473792385 0.37562521411442273 0.42034943473792385 0.455515587529976 0.3874614594039053 0.455515587529976
1 0.5539568345323741 0.8222850291195614 0.6002055498458375 0.8222850291195614 0.6002055498458375 0.922147995889003 0.5539568345323741 0.922147995889003
1 0.6248715313463514 0.8404419321685508 0.673175745118191 0.8404419321685508 0.673175745118191 0.9403048989379924 0.6248715313463514 0.9403048989379924
1 0.6968139773895168 0.6443473792394656 0.7399794450154161 0.6443473792394656 0.7399794450154161 0.7351318944844124 0.6968139773895168 0.7351318944844124
1 0.6176772867420348 0.513617677286742 0.6618705035971222 0.513617677286742 0.6618705035971222 0.5935080507022953 0.6176772867420348 0.5935080507022953
1 0.5426515930113052 0.4645940390544708 0.5817060637204521 0.4645940390544708 0.5817060637204521 0.5354059609455292 0.5426515930113052 0.5354059609455292
1 0.6094552929085302 0.2793936279547791 0.644398766700925 0.2793936279547791 0.644398766700925 0.3574683110654335 0.6094552929085302 0.3574683110654335
1 0.5868448098663925 0.17045220966084276 0.6351490236382321 0.17045220966084276 0.6351490236382321 0.2594210346008907 0.5868448098663925 0.2594210346008907
1 0.5837615621788282 0.02701267557382668 0.6279547790339156 0.02701267557382668 0.6279547790339156 0.10871873929427887 0.5837615621788282 0.10871873929427887
