1 0.23804679552390628 0.6051373346897253 0.28687690742624605 0.6051373346897253 0.28687690742624605 0.7165649372668701 0.23804679552390628 0.7165649372668701
1 0.375381485249237 0.34094608341810767 0.4120040691759918 0.34094608341810767 0.4120040691759918 0.41463207867073576 0.375381485249237 0.41463207867073576
1 0.2502543234994912 0.2708545269582909 0.2838250254323497 0.2708545269582909 0.2838250254323497 0.3373516446252967 0.2502543234994912 0.3373516446252967
1 0.5442522889114954 0.5853679213292641 0.5869786368260427 0.5853679213292641 0.5869786368260427 0.6572566971854865 0.5442522889114954 0.6572566971854865
1 0.6012207527975584 0.36430993557138003 0.6388606307222786 0.36430993557138003 0.6388606307222786 0.43080705323838586 0.6012207527975584 0.43080705323838586
1 0.6744659206510681 0.4038487622923024 0.7171922685656155 0.4038487622923024 0.7171922685656155 0.48292641573414724 0.6744659206510681 0.48292641573414724
1 0.6500508646998981 0.056985418786029 0.6897253306205491 0.056985418786029 0.6897253306205491 0.11449643947100699 0.6500508646998981 0.11449643947100699
1 0.2736520854526957 0.02643268904713445 0.30925737538148523 0.02643268904713445 0.30925737538148523 0.09292980671414022 0.2736520854526957 0.09292980671414022
1 0.07426246185147492 0.4326042726347914 0.13631739572736506 0.4326042726347914 0.13631739572736506 0.4919125127161749 0.07426246185147492 0.4919125127161749
1 0.02034587995930807 0.6985927433028145 0.07833163784333656 0.6985927433028145 0.07833163784333656 0.7543065445913869 0.02034587995930807 0.7543065445913869
1 0.8514750762970498 0.5422346558155308 0.9572736520854527 0.5422346558155308 0.9572736520854527 0.6159206510681587 0.8514750762970498 0.6159206510681587
