1 0.30113052415210684 0.2793936279547791 0.33335393983416917 0.2793936279547791 0.33335393983416917 0.3363216623264224 0.30113052415210684 0.3363216623264224
1 0.3874614594039053 0.34475847893114087 0.4265159301130523 0.34475847893114087 0.4265159301130523 0.43554299417608777 0.3874614594039053 0.43554299417608777
1 0.612538540596094 0.508170606372046 0.6557040082219936 0.508170606372046 0.6557040082219936 0.5862452894826995 0.612538540596094 0.5862452894826995
1 0.6115107913669063 0.7097122302158273 0.6536485097636175 0.7097122302158273 0.6536485097636175 0.7823398424117848 0.6115107913669063 0.7823398424117848
1 0.3946557040082219 0.18860911270983213 0.4306269270298045 0.18860911270983213 0.4306269270298045 0.252158273381295 0.3946557040082219 0.252158273381295
1 0.5385405960945528 0.10327166837958207 0.5714285714285714 0.10327166837958207 0.5714285714285714 0.163189448441247 0.5385405960945528 0.163189448441247
1 0.6022610483042137 0.3266015758821515 0.6392600205549843 0.3266015758821515 0.6392600205549843 0.3901507365536142 0.6022610483042137 0.3901507365536142
1 0.5395683453237409 0.3719938335046249 0.5765673175745117 0.3719938335046249 0.5765673175745117 0.4355429941760877 0.5395683453237409 0.4355429941760877
1 0.6012332990750257 0.20495032545392258 0.633456714757088 0.20495032545392258 0.633456714757088 0.26187835982556595 0.6012332990750257 0.26187835982556595
1 0.6598150051387461 0.14321685508735868 0.6957862281603289 0.14321685508735868 0.6957862281603289 0.2031346351490236 0.6598150051387461 0.2031346351490236
1 0.6557040082219937 0.04516957862281606 0.6937307297019526 0.04516957862281606 0.6937307297019526 0.09600890715998633 0.6557040082219937 0.09600890715998633
1 0.3926002055498457 0.01793422404933199 0.436793422404933 0.01793422404933199 0.436793422404933 0.07422062350119907 0.3926002055498457 0.07422062350119907
1 0.03699897225077081 0.45188420692017817 0.1079136690647482 0.45188420692017817 0.1079136690647482 0.5027235354573484 0.03699897225077081 0.5027235354573484
